[[  0  17   6   0   7   4  18  19   0   0  13   0   0   0   0   1   0   0
    0   1   0  17   0  41   2   0   0   0  20 124  73   0   0   3  49]
 [  0   0   0   0   0   0   0   0   9   0  44   0   0   0   0   0   7   6
    1   0   0  13   0   0   0   0   0   0   0   1   0   0   0   0  17]
 [  0   0   2   0   4   0   6   0   0   0   1  14   0   0  18   0   0   0
    0   0   0  23 328   0   0  10   0   0   0   0   0   0  18   0   0]
 [  0   1   0  69   0   8  14   0  15   0   0   0   2   4   2   0   0   0
    2   1   0   2   0   2   0   0   0  25   0   0   0   0  21   0   0]
 [  0   0   0  11   0   0   2   1   3 178   0   0   0   0   0   0   0   4
   43   0   0   0   0   3   0  56   2   0   0  13   0   0   5   0   0]
 [  0  68   1   0   0   0   0   0   0   0  57   0   0   0   0   0   1  19
    0  49   0   0   0   0   0   0   0   1   0 111  25  50   2   4   0]
 [  1   0   0   0   0   0   0   0   0   0   0   9   0 145   0   7   0   4
    0   1   1  13  64   1   0   0  25   0   0  66 142   0   0   0   0]
 [  0   0   0  42   0   0   0   0   0   0   8   0  21   1   0   0   0  14
    1   0   0   0 102   7  15   1   0   0   0   1   0   0  19   2   0]
 [  0  82  52   0   0   9  13   0   0   0   0   0   0   0   0   0   7   0
    0   0  21   1   0   0   0 136   0   0   0 127   0   0   0   0   0]
 [  5   2   0   0   0   0  10   0  37   0   0   1   0   0   0  22   0   0
    0   0   0   2   0   0   0  88   0   0  55   0   2   2   1   0   0]]
Distribution Cosine Deviation: 
[0.61888347 0.20374948 0.592623   0.19922736 0.34992746 0.57387124
 0.61402902 0.60215745 0.62670637 0.35427092]
Distribution Cosine Difference: 
[[1.         0.21145034 0.01022018 0.03208111 0.05689232 0.664443
  0.51176272 0.02899023 0.5126584  0.08206325]
 [0.21145034 1.         0.02051466 0.04041208 0.01098588 0.33504834
  0.02275094 0.07444315 0.01764259 0.06277612]
 [0.01022018 0.02051466 1.         0.02066673 0.01041498 0.00178004
  0.28827536 0.8806882  0.02238537 0.02727703]
 [0.03208111 0.04041208 0.02066673 1.         0.06710722 0.01429149
  0.0339797  0.36262966 0.02004102 0.08019364]
 [0.05689232 0.01098588 0.01041498 0.06710722 1.         0.0491807
  0.02141951 0.03335184 0.22818482 0.23292925]
 [0.664443   0.33504834 0.00178004 0.01429149 0.0491807  1.
  0.30273857 0.0468032  0.5770423  0.01577715]
 [0.51176272 0.02275094 0.28827536 0.0339797  0.02141951 0.30273857
  1.         0.26017522 0.17680109 0.01881077]
 [0.02899023 0.07444315 0.8806882  0.36262966 0.03335184 0.0468032
  0.26017522 1.         0.0106902  0.0081473 ]
 [0.5126584  0.01764259 0.02238537 0.02004102 0.22818482 0.5770423
  0.17680109 0.0106902  1.         0.51287533]
 [0.08206325 0.06277612 0.02727703 0.08019364 0.23292925 0.01577715
  0.01881077 0.0081473  0.51287533 1.        ]]